6.39397,2.04489,-0.000652323
6.51545,2.05002,0.30798
6.98319,2.31372,0.309919
7.39695,2.43633,0.307326
7.97018,2.36745,0.309532
8.22182,2.55864,0.313149
8.60433,2.89942,0.312582
8.94495,2.83831,0.3128
9.96046,3.26715,0.293189
10.014,3.1407,0.314077
10.6116,3.24385,0.305078
11.0294,3.51038,0.304754
11.4637,3.52558,0.308163
12.024,3.87377,0.3047
12.6804,3.85421,0.298546
13.2056,4.03195,0.306183
13.2629,4.22583,0.303566
14.0771,4.16057,0.298537
14.8887,4.49718,0.289101
15.0018,4.6398,0.289101
15.6805,4.96447,0.295992
16.2639,5.13247,0.292139
17.0775,5.24903,0.279801
17.4456,5.48513,0.280995
17.838,5.41085,0.280977
18.6765,5.80733,0.270029
19.4023,5.82068,0.27075
19.9754,6.19441,0.268722
20.3366,6.09315,0.274779
21.2058,6.4827,0.262984
21.8105,6.51718,0.251722
22.5634,6.7657,0.251866
23.2893,6.81716,0.252447
23.7603,6.89496,0.251394
24.4718,7.2615,0.241168
25.1346,7.59567,0.243242
25.8886,7.72226,0.234759
26.5293,7.89109,0.241436
27.2256,8.08535,0.237122
27.7709,8.13221,0.232745
28.8614,8.21778,0.216342
29.606,8.33049,0.221334
30.5305,8.58617,0.210744
31.047,8.82779,0.218081
31.9366,9.05565,0.212616
32.6343,9.07943,0.207701
33.3578,9.13011,0.205978
33.8923,9.43228,0.208673
35.1398,9.65926,0.203748
35.7382,9.81427,0.194528
36.4313,10.1326,0.199264
37.4374,9.91965,0.194127
38.2227,10.4457,0.192573
39.1535,10.1966,0.192044
40.2448,10.3738,0.176973
40.7832,10.6238,0.190152
41.5516,10.9006,0.180025
42.4285,11.0715,0.176484
43.4595,11.1447,0.176281
44.4218,11.2389,0.167202
45.2031,11.6518,0.167991
45.8239,11.746,0.164734
47.3558,11.7661,0.157497
47.8683,11.8152,0.158946
49.1254,11.7915,0.155537
49.6833,12.2658,0.155688
50.7055,12.2254,0.150431
51.4482,12.6263,0.15224
52.5088,12.704,0.153308
53.8885,12.6008,0.144821
54.5001,12.9024,0.149749
55.5429,12.9127,0.138177
56.4777,13.1739,0.137515
57.4397,13.4868,0.136392
58.381,13.4365,0.13826
59.6669,13.5856,0.134513
60.517,13.7821,0.136891
61.3608,13.7225,0.130518
62.368,13.9871,0.124207
63.4198,13.9933,0.123944
64.3367,14.1376,0.136489
65.8122,14.2416,0.120129
66.6821,14.5283,0.114374
67.4639,14.4982,0.119949
68.69,14.7124,0.110659
69.835,14.53,0.109975
70.8688,14.7245,0.114558
71.8511,15.0682,0.102801
72.8983,15.2701,0.114121
74.3284,15.1688,0.105014
75.3482,15.3467,0.105091
76.4036,15.6659,0.103193
77.6357,15.6729,0.0958703
78.5504,15.6865,0.0955471
79.2947,15.9794,0.100571
80.7248,15.7631,0.0937667
81.7995,15.8374,0.0849845
82.8578,16.1144,0.0899817
84.207,16.2027,0.089044
85.3392,16.3653,0.0815731
86.2061,16.5026,0.0799138
87.2564,16.4124,0.0850437
88.6656,16.6092,0.0901514
90.1437,16.7476,0.083519
91.1829,16.8073,0.0812171
92.184,17.2267,0.076823
93.4763,16.8672,0.0789055
94.6807,17.0775,0.0686216
95.4209,16.7948,0.0676357
96.7287,17.2038,0.0747606
98.1512,17.3059,0.0627301
98.8398,17.5667,0.0768009
100.187,17.6207,0.0746216
101.191,17.2387,0.0718696
102.542,17.7208,0.0808104
103.804,17.76,0.0779944
105.291,17.8655,0.0764068
106.333,17.891,0.0782413
107.733,17.9556,0.0693359
108.615,18.1757,0.0762443
110.022,18.3777,0.0773989
111.032,18.391,0.0651085
112.195,18.1725,0.073826
113.579,18.5045,0.0694295
114.688,18.7288,0.0671454
115.784,18.4867,0.076774
117.239,18.6971,0.0674245
118.297,18.8395,0.0713617
119.692,19.0151,0.063562
120.724,19.0011,0.0647688
122.104,18.9309,0.0720269
123.25,19.2872,0.0642696
124.635,19.0824,0.0515108
125.618,19.4253,0.0680726
126.968,19.525,0.063498
128.208,19.5561,0.0742896
129.571,19.7788,0.0661596
130.477,19.5919,0.0699214
131.886,19.9675,0.0645735
133.238,19.6628,0.0655158
134.401,19.8333,0.0696494
135.755,20.124,0.0765066
136.948,19.9854,0.0776754
138.222,20.2602,0.0750984
139.325,20.5399,0.0760802
140.561,20.5493,0.0796763
142.182,20.4873,0.0779526
143.109,20.6667,0.0830643
144.691,20.3564,0.0840359
146.135,20.6727,0.0831694
147.073,21.0667,0.0816095
148.225,21.1343,0.0807176
149.593,21.104,0.0886175
150.66,20.989,0.0944177
152.067,21.3511,0.0851429
153.35,21.4744,0.0851516
154.554,21.7138,0.0811549
155.906,21.6016,0.0792809
157.204,21.6996,0.0756683
158.356,21.7534,0.0785328
159.907,22.0352,0.074979
161.078,22.0008,0.0777522
162.304,22.1016,0.0839599
163.567,22.434,0.0802965
164.996,22.2819,0.0753819
166.293,22.3937,0.0752906
167.124,22.4492,0.0807338
168.601,22.6999,0.0855843
170.075,22.609,0.0762714
171.267,22.7218,0.0774162
172.644,22.8793,0.0702379
173.938,23.0609,0.0785861
175.248,23.0481,0.0771334
176.172,23.0732,0.0827613
177.841,23.3118,0.0750656
179.142,23.4669,0.0684401
180.671,23.5202,0.0746419
181.833,23.5072,0.0765555
183.05,23.6505,0.0818375
184.532,23.8468,0.0750778
185.65,23.8537,0.0767346
186.841,24.2125,0.0752831
188.083,24.3143,0.0768261
189.363,24.3747,0.0772372
190.836,24.2824,0.0710154
192.313,24.5326,0.0704611
193.652,24.6224,0.0670885
194.699,24.5527,0.0734112
196.101,24.7258,0.0720653
197.438,24.8365,0.0722041
198.788,24.9553,0.0800714
200.009,24.9939,0.0747494
201.77,25.1763,0.0771112
202.731,25.2423,0.0707147
204.306,25.2362,0.0838889
205.517,25.3514,0.0730237
207.037,25.6854,0.0732173
208.416,25.5494,0.074287
209.713,25.8845,0.0726024
210.95,25.9272,0.0700056
212.512,25.7761,0.0742817
213.82,26.082,0.0754444
215.173,26.1987,0.0759331
216.324,26.209,0.0774199
217.575,26.3597,0.074456
219.205,26.4712,0.0721983
220.356,26.7031,0.0743445
221.622,26.5169,0.0691337
222.696,26.6805,0.0739124
223.984,26.5628,0.0806915
225.675,26.6919,0.0734137
226.859,26.7512,0.0722418
228.264,27.2656,0.0691795
229.283,27.2398,0.0702058
230.708,27.2095,0.0671496
231.851,27.2867,0.0754709
233.067,27.3188,0.0754637
234.558,27.4413,0.0727796
235.538,27.7233,0.0729896
236.778,27.8296,0.0663324
237.971,27.689,0.0815509
239.077,27.7944,0.0759788
240.225,27.8441,0.0682566
241.427,27.9371,0.0808228
242.595,28.0093,0.0740515
243.98,28.0534,0.0660314
245.092,28.2889,0.0691976
245.946,28.4456,0.0687777
247.005,28.5883,0.0645929
248.206,28.5605,0.0592143
249.403,28.4284,0.0611004
250.217,28.732,0.0645061
251.121,28.6409,0.054422
252.295,28.7814,0.0418023
253.338,28.749,0.0304865
254.001,28.55,0.0331391
254.975,28.7169,0.0249252
255.034,28.655,0.0091755
255.643,28.3331,6.28198
256.746,29.0059,6.25233
257.481,28.422,6.24587
258.339,28.5122,6.2316
259.04,28.4981,6.20637
259.978,28.289,6.19133
260.33,28.0082,6.17078
261.565,28.0811,6.14078
262.048,28.0542,6.10558
263.193,27.8797,6.0737
263.739,27.6218,6.0604
264.356,27.3998,6.02891
265.096,27.3301,5.9993
265.669,26.9236,5.96682
266.568,26.7095,5.92298
267.134,26.4517,5.90607
267.878,25.9597,5.87289
268.489,25.7824,5.83584
269.01,25.3302,5.79757
269.8,25.1455,5.77659
270.3,24.8072,5.74682
270.834,24.332,5.71176
271.435,23.9436,5.67796
272.079,23.3045,5.64687
272.238,23.0342,5.62294
273.13,22.508,5.57982
273.618,21.7421,5.55005
273.906,21.507,5.52583
274.448,20.9664,5.48585
274.742,20.3632,5.45264
275.333,19.9338,5.42295
275.83,19.327,5.38956
276.277,18.7832,5.36154
276.632,18.0868,5.33266
277.164,17.3985,5.29119
277.507,16.4884,5.26201
277.725,16.5441,5.23552
278.037,15.6087,5.20726
278.319,14.8012,5.17304
278.809,14.2337,5.13377
278.89,13.8211,5.11389
278.954,12.7674,5.0774
279.111,12.2514,5.04576
279.451,11.5249,5.00393
279.611,10.851,4.97059
279.812,10.0884,4.93914
280.042,9.36418,4.89187
279.946,8.54844,4.8674
279.978,7.8263,4.83337
279.871,7.05564,4.80825
280.056,6.17268,4.778
280.066,5.71121,4.73987
279.911,4.67121,4.70501
279.983,4.18425,4.68
279.941,3.38874,4.64521
279.637,2.57948,4.61713
279.769,1.75076,4.58043
279.709,1.04045,4.55781
279.516,0.182638,4.5252
279.387,-0.495921,4.49764
279.209,-0.965592,4.46359
278.939,-1.86067,4.4306
278.396,-2.83133,4.39393
278.026,-3.60827,4.366
277.882,-4.10989,4.33417
277.64,-4.81468,4.31235
277.392,-5.62774,4.2761
276.843,-6.04942,4.24238
276.304,-6.8508,4.21485
276.124,-7.60431,4.18244
275.672,-8.18709,4.15738
275.049,-8.91998,4.1254
275.066,-9.65025,4.11465
274.52,-10.0903,4.08025
273.269,-10.7947,4.04079
273.265,-11.5805,4.0234
272.575,-12.1466,3.99795
271.99,-12.5561,3.96894
271.509,-13.3474,3.93808
270.774,-13.7464,3.89872
270.19,-14.4508,3.87349
269.385,-14.932,3.83401
268.854,-15.521,3.80407
268.144,-15.8014,3.77102
267.342,-16.3207,3.7359
266.601,-16.9638,3.70494
265.643,-17.1765,3.66375
265.042,-17.5772,3.63063
264.497,-18.0768,3.61003
263.861,-18.1733,3.578
262.607,-18.2278,3.52968
261.888,-18.7517,3.49021
261.245,-19.0357,3.45609
260.465,-19.1799,3.41424
259.327,-19.1797,3.37528
258.448,-19.3539,3.34333
257.954,-19.4034,3.30762
256.835,-19.5218,3.2712
255.864,-19.6542,3.23438
255.124,-19.8188,3.20495
254.39,-19.7435,3.1656
253.486,-19.5447,3.13283
252.348,-19.5776,3.0978
251.661,-19.415,3.07025
250.819,-19.3157,3.04023
249.755,-19.468,3.01983
249.048,-19.1149,3.00014
247.917,-18.7989,2.97992
247.206,-18.5041,2.96323
246.191,-18.7518,2.94781
245.313,-18.4733,2.93584
244.159,-18.1557,2.92152
243.785,-17.8471,2.91901
242.577,-17.7379,2.90831
241.847,-17.6604,2.91617
240.89,-17.5256,2.91289
239.991,-17.2978,2.9113
238.989,-16.9162,2.89898
238.503,-16.7499,2.90931
237.147,-16.3491,2.90661
236.241,-16.1297,2.90241
235.211,-16.0239,2.90106
234.308,-15.9037,2.90195
233.49,-15.745,2.90151
232.962,-15.3051,2.90709
231.36,-14.9714,2.89626
230.441,-14.709,2.9077
229.494,-14.4666,2.90975
228.526,-14.3597,2.91294
227.708,-14.0821,2.91403
226.554,-14.1592,2.91979
225.727,-13.6504,2.91989
224.974,-13.3614,2.92676
223.832,-13.2755,2.92985
222.974,-12.9441,2.93786
221.905,-12.7807,2.94844
220.942,-12.5726,2.94653
219.82,-12.4129,2.95114
218.838,-12.5235,2.95319
217.747,-12.1942,2.97058
216.607,-12.1291,2.97506
215.701,-11.8533,2.98455
214.595,-11.7724,2.99671
213.516,-11.4199,3.0062
212.482,-11.5377,3.00463
211.519,-11.3353,3.02313
210.207,-11.2326,3.02716
209.122,-10.7381,3.03585
208.132,-10.8454,3.0498
207.549,-10.533,3.06215
206.352,-10.488,3.06981
205.077,-10.5053,3.07826
203.898,-10.5175,3.0752
202.632,-10.7806,3.08835
201.59,-10.3398,3.09147
200.584,-10.2834,3.10164
199.53,-10.3892,3.1005
198.05,-10.4653,3.10417
197.265,-10.3226,3.12014
196.146,-10.3107,3.11479
195.019,-10.4877,3.12924
193.92,-10.1778,3.13971
192.868,-10.3949,3.14394
191.601,-10.3956,3.15166
190.543,-10.6266,3.15645
189.425,-10.1499,3.16408
188.034,-10.5063,3.16222
187.085,-10.4008,3.17326
186.059,-10.3929,3.18335
184.703,-10.5243,3.18048
183.404,-10.5676,3.18834
182.339,-10.7759,3.19119
181.252,-10.7519,3.19786
180.331,-10.8551,3.20916
178.837,-10.9602,3.20714
177.762,-10.9141,3.21444
176.499,-11.0369,3.21791
175.524,-10.8918,3.22452
174.385,-11.2824,3.22767
173.15,-11.2483,3.23751
171.854,-11.5535,3.23872
171.15,-11.7656,3.24747
169.819,-11.9816,3.25446
168.693,-11.9484,3.26158
167.748,-12.1395,3.26043
166.425,-12.1638,3.27133
165.326,-12.3458,3.27147
163.92,-12.5302,3.27055
163.4,-12.6201,3.29142
161.987,-12.9382,3.28932
160.826,-12.9036,3.29518
159.715,-13.0648,3.30011
158.567,-13.6116,3.30241
157.391,-13.621,3.30429
156.466,-13.7982,3.31459
155.125,-13.9759,3.32154
154.563,-14.29,3.3245
153.041,-14.3522,3.32526
152.056,-14.6254,3.33079
150.836,-14.876,3.33429
149.737,-15.2401,3.33984
148.553,-15.2194,3.34263
147.287,-15.3635,3.34231
146.374,-15.7244,3.35723
145.207,-15.8806,3.34507
143.916,-16.3504,3.35487
143.125,-16.4176,3.35404
141.834,-16.7484,3.35835
140.919,-16.6667,3.36223
139.688,-17.0537,3.36153
138.815,-17.3363,3.36984
137.522,-17.7395,3.37357
136.461,-17.9158,3.36459
135.441,-18.382,3.36504
134.27,-18.7007,3.37095
133.051,-18.6224,3.3716
132.024,-19.0471,3.37992
130.999,-19.1957,3.36959
129.899,-19.6541,3.37856
128.769,-19.7134,3.37991
127.772,-19.9252,3.3761
126.534,-20.1985,3.37871
125.373,-20.6523,3.37817
124.515,-20.9508,3.3863
123.671,-21.1584,3.38864
122.47,-21.572,3.39451
121.331,-21.6723,3.38638
120.217,-22.0977,3.38714
119.381,-22.5489,3.40578
117.844,-22.5976,3.39549
117.193,-22.6692,3.4032
116.271,-23.3128,3.407
114.813,-23.479,3.40306
114.109,-23.5608,3.41291
112.894,-24.0624,3.40891
111.961,-24.1446,3.42562
110.916,-24.3926,3.43343
109.943,-24.7758,3.41976
108.571,-25.1071,3.43303
107.92,-25.5318,3.44599
106.777,-25.6976,3.4474
105.846,-26.046,3.44104
104.987,-26.6193,3.45017
103.856,-26.5411,3.46809
102.4,-26.8634,3.46513
101.852,-27.4433,3.46297
101.228,-27.8702,3.47128
100.109,-28.1618,3.47634
98.9803,-28.2963,3.48903
98.0599,-28.4745,3.4955
97.0183,-29.013,3.49711
95.8184,-29.4106,3.51091
95.2064,-29.8206,3.51456
94.1249,-30.3092,3.51858
92.8536,-30.7772,3.53627
92.1035,-31.2077,3.53254
91.1544,-31.4932,3.54048
90.3011,-32.0253,3.54472
89.0166,-32.1854,3.56391
88.4175,-32.7852,3.5687
87.4364,-33.3928,3.57387
86.1861,-33.8925,3.58807
85.484,-33.9751,3.60271
84.3743,-35.0796,3.61009
83.5153,-35.2892,3.61937
82.5277,-35.9263,3.63282
81.6081,-36.3102,3.64977
80.6912,-36.8443,3.66012
79.7837,-37.2837,3.67936
78.736,-37.8531,3.68872
78.1416,-38.6033,3.69775
77.0295,-39.2767,3.7117
76.2678,-39.7887,3.7302
75.2446,-40.3593,3.73858
74.2292,-41.0163,3.75039
73.3568,-41.6251,3.77086
72.4314,-42.3051,3.7764
71.6798,-43.18,3.78457
70.7504,-43.4152,3.80606
70.2086,-44.423,3.81262
69.1306,-44.8675,3.83208
68.1361,-45.7459,3.83432
67.5062,-46.3612,3.84616
66.7058,-47.1801,3.86111
65.8479,-48.0107,3.86044
64.9686,-48.5527,3.88867
64.0186,-49.7149,3.87735
63.2457,-50.0463,3.88596
62.5513,-50.9704,3.88173
61.7181,-51.4746,3.88806
60.9557,-52.2374,3.89605
60.6786,-53.2939,3.90189
59.2536,-53.8065,3.90749
58.8751,-54.3776,3.91057
58.0763,-54.949,3.90779
57.3232,-55.8782,3.91716
56.4481,-56.7978,3.91262
55.9297,-57.3053,3.92126
55.2349,-57.8952,3.92927
54.4373,-59.0086,3.92389
53.7225,-59.6282,3.92564
52.7276,-60.5243,3.92544
52.1745,-61.1225,3.92763
51.2944,-61.7869,3.93354
50.7729,-62.6984,3.93822
50.0879,-63.2951,3.9422
49.1772,-64.0457,3.936
48.6422,-64.609,3.947
47.9309,-65.5275,3.94097
47.1559,-65.9754,3.93415
46.5018,-66.7326,3.93544
45.8066,-67.4761,3.92994
45.0906,-68.1183,3.92999
44.5057,-68.8879,3.93223
43.6606,-69.5231,3.93754
43.1003,-70.2843,3.9389
42.3077,-71.0144,3.93721
41.714,-71.8212,3.93912
41.0774,-72.3465,3.94012
40.415,-73.0644,3.93519
39.6568,-73.6549,3.92732
38.9813,-74.4555,3.92716
38.4844,-74.8874,3.92555
37.9315,-75.441,3.92436
37.0764,-76.1929,3.92253
36.4337,-76.8518,3.91533
35.6516,-77.6062,3.90385
35.0053,-78.1136,3.90143
34.6969,-78.8474,3.89316
33.9099,-79.3131,3.8879
33.1927,-80.0544,3.88853
32.5459,-80.672,3.87831
31.709,-81.3739,3.8711
31.0582,-81.974,3.86093
30.206,-82.5903,3.85683
29.5542,-83.1734,3.84528
28.9439,-83.6181,3.84043
28.4431,-83.9426,3.83223
27.6868,-84.7294,3.82193
26.8981,-85.3056,3.81124
26.0592,-85.7491,3.79743
25.7215,-85.989,3.79661
25.1556,-86.8723,3.79499
24.3378,-87.2804,3.7625
23.7584,-87.4286,3.75442
22.9007,-88.3089,3.74085
22.1156,-88.4025,3.72929
21.4937,-89.0807,3.71616
20.7772,-89.3457,3.70896
20.3081,-90.0597,3.69255
19.3573,-90.2821,3.67473
18.8399,-90.6361,3.66008
18.2859,-91.1002,3.65486
17.5598,-91.2564,3.64149
16.8177,-91.9102,3.6238
16.0822,-91.7934,3.61959
15.4196,-92.4026,3.59141
14.8091,-92.5397,3.57865
14.0607,-93.1411,3.55752
13.7292,-92.9998,3.56003
12.6063,-93.8019,3.53039
12.208,-94.0664,3.5102
11.6363,-93.6921,3.4977
10.6094,-93.9683,3.47778
9.80962,-94.4844,3.45059
9.20177,-94.575,3.43213
8.25327,-94.783,3.40953
7.7912,-94.8292,3.39494
6.99268,-95.0029,3.37387
6.21162,-95.1581,3.35325
5.50905,-95.4196,3.33471
4.77881,-95.614,3.30378
4.54708,-95.4494,3.29314
3.46084,-95.5227,3.26723
2.80004,-95.2929,3.2483
2.11149,-95.6544,3.22962
1.44078,-95.663,3.20817
0.799876,-96.0595,3.18014
0.34832,-95.8601,3.16682
-0.494271,-95.8102,3.15034
-1.35449,-95.5353,3.11949
-2.01889,-95.5469,3.10485
-3.00515,-95.5281,3.08044
-3.16064,-95.4204,3.06707
-4.2015,-95.7255,3.04109
-4.82182,-95.3353,3.02683
-5.5096,-95.4195,3.00602
-6.58149,-95.2125,2.98179
-6.75726,-95.0781,2.97258
-7.75282,-95.007,2.94669
-8.16517,-94.9012,2.93553
-9.19831,-94.6172,2.91219
-9.946,-94.4764,2.88592
-10.2391,-94.3107,2.88769
-11.0239,-93.8538,2.86485
-11.5021,-93.6841,2.85773
-12.3519,-93.3665,2.83905
-13.2716,-93.3159,2.81441
-13.8026,-92.8345,2.79908
-14.4664,-92.5404,2.79601
-15.2354,-92.3244,2.77077
-15.8646,-92.0514,2.76011
-16.8219,-91.6792,2.73044
-17.4603,-91.3878,2.72214
-18.0216,-91.1273,2.6918
-18.8175,-90.6679,2.67642
-19.5254,-90.4359,2.65541
-20.0443,-90.102,2.63892
-20.9437,-89.6875,2.61114
-21.5214,-88.9594,2.59561
-22.1999,-88.725,2.57464
-22.736,-88.1012,2.5616
-23.4425,-87.6887,2.53437
-23.9532,-87.3919,2.52574
-24.6991,-86.9266,2.49729
-25.1758,-86.0423,2.47609
-25.9219,-85.6442,2.45239
-26.4991,-85.2615,2.44015
-27.0461,-84.9504,2.42668
-27.5433,-84.0646,2.39193
-28.3517,-83.584,2.38092
-28.6608,-82.5971,2.36185
-29.4121,-82.4271,2.34641
-30.0188,-81.9111,2.32248
-30.7096,-81.2798,2.30045
-31.1555,-80.6965,2.28828
-31.6313,-79.8587,2.26267
-32.2915,-79.3201,2.24195
-32.7203,-78.6255,2.20318
-33.0159,-78.0989,2.18559
-33.5087,-77.3919,2.17203
-34.0903,-76.3974,2.13876
-34.26,-75.7111,2.11706
-34.8701,-75.0908,2.09435
-35.0023,-74.2759,2.06103
-35.6186,-73.4756,2.03888
-35.7017,-72.7756,2.01969
-36.1865,-72.0458,1.99105
-36.4783,-71.3736,1.96636
-36.8745,-70.2668,1.94766
-37.1305,-69.6307,1.92329
-37.0422,-68.8529,1.91384
-37.8462,-68.179,1.88645
-37.9243,-67.1441,1.85671
-37.9511,-66.1771,1.84433
-38.0466,-65.4368,1.82457
-38.4562,-65.0859,1.80402
-38.482,-63.9705,1.78234
-38.4987,-63.1927,1.77145
-38.7552,-62.3623,1.75134
-38.9287,-61.6802,1.73056
-38.7385,-60.7737,1.7162
-39.1568,-59.7459,1.69508
-39.2009,-58.7947,1.67522
-39.3364,-58.3959,1.66309
-39.4432,-57.3218,1.64949
-39.3432,-56.4865,1.64303
-39.5187,-55.6119,1.62874
-39.3757,-54.9877,1.6194
-39.4479,-53.934,1.60652
-39.2952,-52.9952,1.58651
-39.4383,-52.1099,1.57372
-39.3842,-51.3928,1.57504
-39.3612,-50.5419,1.56027
-39.4284,-49.513,1.54233
-39.2895,-48.8192,1.53287
-38.9703,-47.9363,1.54038
-39.005,-47.3177,1.51844
-39.2707,-46.1258,1.49646
-38.8414,-45.4509,1.49968
-39.0251,-44.34,1.48404
-38.9796,-43.4917,1.46522
-38.6621,-42.8077,1.46406
-38.9043,-41.5796,1.44063
-38.8021,-41.0617,1.4335
-38.3446,-39.9557,1.41872
-38.475,-39.1363,1.39701
-37.8939,-38.6544,1.40322
-37.9522,-37.7344,1.38715
-37.6305,-36.6121,1.363
-37.2503,-35.8473,1.34818
-37.1397,-35.0719,1.33772
-37.1201,-34.3092,1.3263
-36.7762,-33.5633,1.31047
-36.5846,-32.424,1.2923
-36.5771,-31.7496,1.29235
-36.2048,-30.7565,1.26712
-35.8977,-30.0825,1.25754
-35.3823,-29.2045,1.24056
-35.0746,-28.0208,1.22581
-34.7873,-27.2765,1.21224
-34.6659,-26.5581,1.20085
-34.3154,-25.7325,1.1822
-33.6119,-25.028,1.17676
-33.3518,-24.221,1.15231
-32.8751,-23.7817,1.14481
-32.4877,-22.5845,1.11734
-32.0765,-21.7701,1.09669
-31.7526,-20.9108,1.07588
-31.299,-20.1292,1.05629
-30.9628,-19.2048,1.04458
-30.4938,-18.8698,1.02538
-29.948,-18.1299,1.01196
-29.2779,-17.1179,0.989508
-28.7755,-16.5718,0.970875
-28.4955,-15.6311,0.949373
-27.7159,-14.957,0.928873
-27.1491,-14.2448,0.9072
-26.5756,-13.6619,0.901351
-26.102,-13.1594,0.889539
-25.6235,-12.3326,0.863546
-24.5405,-11.7793,0.850278
-24.0619,-10.8143,0.827969
-23.488,-10.3138,0.812135
-22.8654,-9.8686,0.802477
-22.4065,-8.95125,0.771285
-21.5329,-8.68487,0.754225
-20.846,-7.95201,0.74071
-20.2111,-7.21498,0.719926
-19.2933,-6.86119,0.703583
-18.9092,-6.0696,0.682852
-18.0124,-5.56194,0.661505
-17.3857,-5.18724,0.654806
-16.5294,-4.67307,0.641236
-15.92,-4.24919,0.619441
-15.1598,-3.60576,0.605584
-14.4527,-3.16723,0.578401
-13.4272,-2.71635,0.556793
-12.7631,-2.37025,0.548308
-12.319,-1.78908,0.524793
-11.2246,-1.40935,0.506828
-10.7475,-0.765725,0.489847
-9.76295,-0.527612,0.473672
-8.92934,-0.259765,0.465314
-7.76625,0.0342358,0.447634
-7.07427,0.588849,0.427405
-6.33112,1.00194,0.415269
-5.47268,1.30116,0.40261
-4.69117,1.6373,0.38455
-4.04605,1.81289,0.367177
-3.05067,2.12531,0.354882
-2.23945,2.34012,0.345038
-1.37952,2.98309,0.330408
-0.39493,3.03831,0.312888
0.33233,3.3573,0.306885
1.28486,3.57334,0.299722
2.22405,3.80199,0.293786
2.75884,4.03503,0.284748
3.9242,4.29851,0.276301
4.8642,4.50301,0.274036
5.70236,4.68091,0.259993
6.58582,4.95942,0.260668
7.29687,5.26197,0.2626
7.95302,5.43815,0.266476
9.05533,5.69527,0.256327
9.86776,5.93343,0.25836
10.9943,6.17907,0.24368
11.6956,6.28863,0.255483
12.4656,6.48164,0.250371
13.6585,6.66896,0.24121
14.6285,6.88553,0.241657
15.3357,7.08109,0.233477
16.343,7.44655,0.222836
16.9974,7.7741,0.23035
18.2828,7.91249,0.222896
18.8989,8.13067,0.222601
19.8082,8.26731,0.212389
20.5072,8.31511,0.215702
21.7465,8.80123,0.211717
22.4629,8.90176,0.207844
23.6541,9.01761,0.198604
24.412,9.2521,0.19627
25.1515,9.3052,0.201978
26.1742,9.62452,0.190683
26.9049,9.62125,0.189754
28.1057,9.84394,0.187932
28.909,9.97985,0.18158
29.8097,10.1212,0.179847
30.5707,10.3478,0.182224
31.6785,10.5307,0.168831
32.6635,10.5475,0.167601
33.6961,10.7651,0.165925
34.6035,11.044,0.167549
35.3322,11.1073,0.168195
36.134,11.2266,0.166864
37.1592,11.4542,0.163814
37.94,11.592,0.163146
39.011,11.5438,0.166064
39.8911,11.9019,0.164477
40.6282,12.0464,0.162376
41.9069,12.0945,0.157416
43.0029,12.3286,0.148887
43.7339,12.3744,0.149013
44.4961,12.5717,0.150661
45.3015,12.603,0.143456
46.2473,12.8638,0.145049
47.4336,12.8691,0.142038
48.3964,13.0901,0.129661
49.2624,13.1176,0.131246
50.0302,13.5382,0.143685
50.6652,13.2434,0.132799
51.6383,13.557,0.132321
52.8364,13.6593,0.129683
53.652,13.923,0.118866
54.9326,13.9303,0.113347
55.6631,13.8372,0.112849
56.3803,14.3262,0.115232
57.5032,14.1831,0.106211
58.0742,14.4391,0.109695
59.1426,14.4572,0.106136
59.9141,14.4669,0.1151
61.0848,14.5883,0.103969
62.2394,14.6493,0.110481
62.9347,14.9769,0.110558
63.9238,14.6288,0.118926
64.8173,14.4833,0.112238
65.9201,14.828,0.101453
66.5368,14.9761,0.0989927
67.812,15.4669,0.103168
68.6779,15.2395,0.0962928
69.6826,15.4594,0.0885217
70.5231,15.7396,0.101859
71.2698,15.7439,0.103676
72.1221,15.7794,0.094397
73.7261,15.5902,0.0877558
74.1644,15.6367,0.111621
75.23,16.0983,0.0970549
76.0636,15.7772,0.0981125
77.1601,16.288,0.0964093
78.167,16.2438,0.0940981
78.6055,16.3758,0.0978873
79.8081,16.3909,0.106499
80.8496,16.391,0.100486
81.8829,16.6189,0.0928071
82.9031,16.558,0.0968003
83.8106,16.8546,0.096373
84.5116,16.8723,0.0957096
85.4278,16.9847,0.0947858
86.3695,16.8706,0.103008
87.4669,17.4937,0.0884156
88.4859,17.2495,0.0870206
89.2904,17.3905,0.0969399
90.3856,17.3319,0.085601
91.3803,17.7066,0.0896973
92.0942,17.7601,0.0868038
93.405,17.7408,0.0824641
94.141,17.2625,0.0865234
95.0125,17.6127,0.0782161
96.0265,17.6963,0.0761359
97.0136,18.2674,0.0804895
97.7783,18.2756,0.08074
98.956,18.1015,0.0724247
99.7209,18.0778,0.0711815
100.689,18.4906,0.0686807
101.74,18.4253,0.0738716
102.534,18.2505,0.0712308
103.62,18.3722,0.0722911
104.497,18.7093,0.0645038
105.815,18.6697,0.0612541
106.695,18.9001,0.0624126
107.303,18.5582,0.0646082
108.431,18.7804,0.0664072
109.467,18.628,0.0640632
110.328,19.1575,0.0639194
111.299,19.2337,0.0636382
112.189,19.0008,0.0613649
113.137,19.0223,0.0580811
113.769,19.0535,0.0574136
115.091,18.9902,0.0654954
116.075,19.5504,0.0670123
116.923,19.5785,0.0653005
117.999,19.5279,0.05623
118.801,19.3385,0.0661868
119.889,19.4611,0.0646928
120.82,19.4576,0.0535596
122.036,19.7351,0.0591767
122.814,19.701,0.0609534
123.743,19.455,0.0635185
124.699,19.8203,0.0712892
126.027,19.726,0.0683755
126.622,19.9629,0.0670821
127.628,19.9716,0.0586568
128.324,19.8398,0.0740149
129.677,19.9184,0.0639611
130.756,20.2391,0.0644444
131.678,20.3189,0.0626357
132.541,20.272,0.0628886
133.38,20.5206,0.0632531
134.46,20.3982,0.0726338
135.561,20.3924,0.0741907
136.379,20.866,0.0735998
137.663,20.9516,0.0724122
138.53,20.8391,0.0760193
139.468,20.6307,0.0717484
140.416,20.8952,0.0728836
141.578,20.8466,0.0741676
142.423,21.1144,0.0667708
143.307,21.0538,0.0718206
144.277,21.1249,0.0779217
145.536,21.2181,0.0661412
146.58,21.4148,0.0706741
147.659,21.5128,0.0697668
148.647,21.3503,0.076874
149.31,21.493,0.079733
150.514,21.5187,0.0748317
151.634,21.7013,0.0733904
152.791,21.7787,0.0753293
153.778,22.0855,0.0756096
154.732,22.0198,0.0786701
155.818,22.1884,0.0729198
157.094,22.0517,0.0701864
158.072,22.2989,0.0754958
159.211,22.163,0.0729319
160.118,22.3011,0.0768991
160.988,22.4741,0.0778785
162.29,22.4777,0.0736253
163.376,22.5716,0.073154
164.513,22.687,0.0707093
165.801,22.6034,0.0717488
166.779,22.8738,0.0725035
167.702,22.7157,0.0705716
168.754,23.0165,0.0710601
169.971,23.2868,0.0723135
171.081,23.3815,0.0728423
172.003,23.2766,0.0720464
173.259,23.4113,0.0747479
174.181,23.4207,0.0742486
175.474,23.237,0.0723321
176.489,23.7122,0.0705038
177.896,23.8032,0.0690562
178.952,23.5954,0.0638053
179.802,23.7635,0.0682564
180.881,23.9944,0.0775604
182.209,23.9695,0.0722683
183.241,23.9257,0.0715642
184.579,23.9434,0.067495
185.663,24.2189,0.0668216
186.59,24.2016,0.0677484
187.727,24.2739,0.0639058
188.71,24.0463,0.0669612
189.851,24.496,0.0626919
190.897,24.476,0.0627055
192.389,24.6734,0.065348
193.285,24.6066,0.0690836
194.362,24.9081,0.0706321
195.327,24.9191,0.0682466
196.696,24.8466,0.0638299
197.839,25.0472,0.0681629
198.838,24.9301,0.0597476
199.958,25.0786,0.0689348
200.778,25.2417,0.0695283
202.075,25.4087,0.0625386
203.506,25.6511,0.0594379
204.482,25.2675,0.0628416
205.737,25.2967,0.0669431
206.691,25.4546,0.0625426
207.865,25.9104,0.0605645
208.833,25.5788,0.0687932
210.243,25.6685,0.0679556
211.372,25.7926,0.067123
212.09,25.7744,0.0719821
213.392,25.9532,0.0663807
214.618,25.9613,0.0693878
215.617,26.0811,0.078371
216.567,26.2705,0.0716254
217.745,26.1332,0.0690114
218.908,26.3545,0.07012
219.964,26.6557,0.0717285
220.942,26.6985,0.0713966
222.1,26.6639,0.0750696
223.201,26.762,0.0774683
224.161,26.7791,0.0767904
225.279,26.8392,0.0721205
226.377,27.2633,0.0716697
227.433,26.9409,0.0870085
228.807,26.86,0.0810948
229.578,27.1633,0.0797638
231.019,27.1485,0.0771642
231.874,27.1823,0.0804691
232.979,27.537,0.0797727
234.075,27.6199,0.0768201
235.118,27.4774,0.0796698
236.35,27.9597,0.0892105
237.197,27.6432,0.0812728
238.28,28.0248,0.0778173
239.334,28.1325,0.0839454
240.313,28.0111,0.0794352
241.395,28.0546,0.0804495
242.412,28.186,0.0817712
243.443,28.3645,0.0756914
244.426,28.3041,0.0823696
245.495,28.4799,0.0840582
246.453,28.608,0.0783067
247.742,28.8568,0.0746259
248.312,28.6202,0.0731043
249.419,29.0036,0.0618974
250.411,28.7958,0.0729559
251.109,28.9524,0.0670674
251.922,28.7906,0.0604708
253.082,28.8099,0.0448618
253.664,29.2542,0.0374206
254.524,29.0152,0.0257345
255.369,29.0468,0.0144733
255.125,28.9166,0.00200404
255.735,28.5947,6.27241
256.763,29.0725,6.25832
257.801,28.7778,6.22131
258.534,28.8693,6.19739
259.133,28.7278,6.18103
259.976,28.5794,6.16012
260.43,28.415,6.13078
261.328,28.364,6.09501
261.714,28.2921,6.08376
262.345,27.8585,6.04951
263.446,27.6709,6.01177
264.066,27.7117,5.97492
264.328,27.377,5.94665
265.238,26.986,5.91669
265.754,26.5899,5.88076
266.382,26.4521,5.86227
266.718,26.1132,5.83387
267.608,26.0215,5.80778
268.214,25.4443,5.77571
268.7,25.0382,5.75066
269.17,24.7544,5.7169
269.603,24.3443,5.69028
270.146,23.9264,5.65328
270.792,23.4953,5.63819
271.566,23.0252,5.59083
271.801,22.5626,5.56661
272.478,22.3458,5.5375
272.931,21.5731,5.51023
273.375,21.3118,5.47886
273.717,20.6365,5.44565
274.251,20.0126,5.40783
274.505,19.6731,5.39075
275.004,18.9192,5.36061
275.26,18.5621,5.32946
275.614,17.9302,5.28799
275.924,17.4062,5.26616
276.227,16.6714,5.23872
276.732,15.7889,5.20009
276.929,15.1673,5.1623
277.272,14.6907,5.14183
277.46,14.2351,5.10979
277.667,13.497,5.07832
277.869,12.5278,5.0446
278.09,11.908,4.99979
278.326,11.2048,4.9833
278.349,10.5748,4.95847
278.774,9.83507,4.91181
278.85,9.28562,4.89949
278.669,8.49711,4.87677
278.763,7.59989,4.82457
278.803,7.14627,4.80587
278.882,6.42115,4.77286
279.035,5.61006,4.74768
278.752,4.64724,4.70589
278.906,4.07201,4.68651
278.73,3.26828,4.6537
278.772,2.61638,4.62532
278.707,1.89764,4.59395
278.509,1.18734,4.56402
278.41,0.44966,4.5321
278.161,-0.0140159,4.50266
277.743,-1.13386,4.45599
277.822,-1.68929,4.43793
277.65,-2.5003,4.41047
277.224,-3.13527,4.38484
276.774,-3.95212,4.3317
276.902,-4.44925,4.31311
276.196,-5.18083,4.27542
275.547,-5.70279,4.23462
275.22,-6.64692,4.20305
274.82,-7.19918,4.1778
274.335,-7.95531,4.1412
274.512,-8.40627,4.11183
273.564,-9.15122,4.07215
273.14,-9.68521,4.04413
273.014,-10.4065,4.02354
272.09,-10.8784,3.98077
271.429,-11.3345,3.95258
270.757,-11.8796,3.91963
270.282,-12.626,3.89087
269.676,-12.853,3.86489
268.895,-13.5641,3.8338
268.239,-13.9372,3.79418
267.613,-14.4208,3.76147
267.081,-14.6883,3.73927
265.607,-15.001,3.69347
265.57,-15.4554,3.67921
264.885,-15.865,3.64443
264.283,-16.3133,3.61452
263.372,-16.832,3.57899
262.742,-16.9051,3.54892
261.799,-17.2524,3.51715
260.753,-17.3354,3.48263
260.329,-17.7009,3.44755
259.203,-17.963,3.41472
258.653,-18.1477,3.3923
257.576,-18.3012,3.34459
257.038,-18.4591,3.33196
256.173,-18.6827,3.29379
255.351,-18.4519,3.26063
254.456,-18.8232,3.22373
253.904,-18.6205,3.2047
252.888,-18.7884,3.17553
251.533,-18.531,3.13292
251.211,-18.5736,3.11573
250.121,-18.4378,3.07523
249.067,-18.4601,3.04962
248.305,-18.6676,3.02523
247.541,-18.2302,3.00083
246.834,-17.8554,2.97708
245.843,-17.9163,2.96394
244.931,-17.4981,2.95302
244.14,-17.4242,2.94047
243.242,-17.3148,2.92897
242.249,-17.1078,2.92119
241.148,-16.765,2.91495
239.815,-16.3468,2.90464
239.463,-16.3269,2.91272
238.564,-16.0735,2.90025
237.479,-15.9688,2.9059
236.439,-15.8532,2.90003
235.607,-15.4653,2.90069
234.53,-15.0888,2.89735
233.86,-14.9085,2.90444
232.965,-14.5965,2.89619
231.809,-14.3906,2.89919
231.019,-14.3166,2.90417
229.554,-13.792,2.89886
228.911,-14.0814,2.90708
227.838,-13.801,2.91512
226.756,-13.2642,2.91827
226.084,-13.2871,2.92453
224.941,-12.9114,2.92009
224.057,-12.6463,2.92991
222.926,-12.538,2.93085
221.788,-12.3586,2.93522
220.752,-11.9556,2.9439
219.721,-12.0189,2.9539
219.157,-11.6765,2.96577
217.708,-11.4668,2.96077
216.461,-11.3693,2.97034
215.786,-11.1592,2.98978
214.385,-10.8609,2.98813
213.631,-10.5971,3.01312
212.127,-10.6464,3.0112
211.027,-10.7117,3.02938
209.677,-10.6009,3.02518
209.067,-10.601,3.03805
207.964,-10.1451,3.04631
206.599,-10.2305,3.05561
205.697,-10.1748,3.07246
204.253,-9.88569,3.0797
203.135,-9.82317,3.08542
202.473,-10.1811,3.09535
201.017,-9.91735,3.1023
199.778,-9.88064,3.10644
198.699,-9.63797,3.11799
197.725,-9.88118,3.12926
196.254,-9.6557,3.13522
195.402,-10.0322,3.1427
194.259,-9.90788,3.15292
192.969,-10.1097,3.14939
191.665,-9.65439,3.16088
190.549,-9.85912,3.17054
189.497,-9.95845,3.17116
187.663,-9.91322,3.17027
186.972,-9.80266,3.18129
186.099,-9.83963,3.18564
184.662,-10.1317,3.18278
183.444,-10.4123,3.19491
182.452,-10.2409,3.20046
181.147,-10.534,3.20526
180.297,-10.438,3.20682
179.344,-10.4981,3.21647
177.712,-10.6493,3.21404
176.446,-10.7713,3.21657
175.525,-10.8955,3.22672
174.481,-10.9768,3.22513
173.304,-10.8692,3.22927
172.114,-11.1219,3.23656
170.42,-11.1363,3.23726
169.743,-11.2354,3.24439
168.644,-11.3562,3.24503
167.539,-11.4595,3.24964
166.334,-11.6981,3.25495
165.577,-12.0036,3.26582
163.996,-11.9043,3.25665
163.194,-12.021,3.25989
162.072,-12.2649,3.26961
161.139,-12.4061,3.28131
159.626,-12.6065,3.27884
158.736,-12.5982,3.28114
157.887,-12.7878,3.29262
156.628,-13.0451,3.29957
155.782,-13.3121,3.29823
154.532,-13.5735,3.3039
153.649,-13.5132,3.31043
152.201,-13.8316,3.31459
151.166,-14.0013,3.31841
150.437,-14.1204,3.33089
149.286,-14.4209,3.33143
148.239,-14.6506,3.3297
147.186,-14.8586,3.33247
146.237,-15.0769,3.3368
145.299,-15.2561,3.33867
144.259,-15.3704,3.34641
143.342,-15.7112,3.353
142.328,-15.6407,3.35575
141.298,-15.8926,3.35221
140.168,-16.1474,3.35385
139.231,-16.5827,3.35356
138.249,-16.7731,3.35791
137.077,-16.9373,3.36449
136.205,-17.0822,3.36677
135.27,-17.5326,3.37018
134.266,-17.6741,3.37994
132.975,-18.0615,3.37585
132.099,-18.1221,3.38582
131.218,-18.4155,3.3849
130.024,-18.3458,3.38253
129.092,-18.8103,3.38207
128.034,-19.1432,3.38263
127.046,-19.3957,3.38154
126.056,-19.8495,3.38774
124.826,-20.0627,3.39423
124.026,-20.41,3.38668
122.873,-20.4145,3.39285
121.885,-20.6769,3.39035
121.171,-21.0242,3.40177
120.052,-21.544,3.40034
119.083,-21.2343,3.39252
117.946,-22.0958,3.39265
117.103,-21.9583,3.40283
115.973,-22.5265,3.3947
114.929,-22.5635,3.39793
113.895,-22.7875,3.39841
112.855,-23.1891,3.40395
112.341,-23.211,3.40391
111.109,-23.9242,3.40372
110.424,-23.775,3.40485
109.172,-24.4825,3.40085
107.845,-24.2221,3.40812
107.155,-24.6161,3.40899
105.99,-24.6194,3.39721
105.019,-25.077,3.40771
104.122,-25.101,3.41395
103.039,-25.9715,3.41556
102.125,-25.7934,3.41275
101.268,-26.3068,3.4264
100.338,-26.5707,3.43353
99.5967,-26.7554,3.43717
98.7874,-27.1089,3.44803
97.4447,-27.5588,3.45406
96.5482,-27.8635,3.46079
95.7939,-27.7976,3.47797
94.9785,-28.6069,3.48793
94.1427,-28.9155,3.49194
93.177,-29.2666,3.50067
92.4228,-29.3842,3.51282
91.3544,-29.8231,3.52426
90.6927,-30.1567,3.53125
89.7402,-30.3875,3.54743
88.8733,-30.8493,3.56
87.9717,-31.014,3.57178
87.0029,-31.5559,3.57615
86.4899,-32.0146,3.59884
85.6569,-32.6734,3.60782
84.7062,-32.9808,3.61636
83.7506,-33.4568,3.62945
82.7256,-33.9984,3.64282
82.0475,-34.3763,3.65921
81.4045,-34.6358,3.67064
80.3104,-35.3849,3.67812
79.7341,-35.7794,3.69406
78.7605,-36.3151,3.70664
77.9198,-37.0326,3.70806
77.2585,-37.2421,3.73091
76.4064,-38.0634,3.73338
75.7587,-38.6063,3.74022
74.8072,-39.2076,3.74939
74.1832,-39.3647,3.7676
73.3488,-40.2176,3.77155
72.4572,-40.8259,3.78001
71.7064,-41.3817,3.79711
71.1174,-41.7356,3.80537
70.0984,-42.6932,3.80863
69.3047,-43.0665,3.81604
68.7919,-43.754,3.81824
68.0687,-44.378,3.8282
67.2543,-44.8781,3.8391
66.4691,-45.7781,3.84066
65.7658,-46.2667,3.85367
65.1617,-46.7376,3.85307
64.3246,-47.4,3.85745
63.8208,-48.1571,3.85864
63.0727,-48.7919,3.87549
62.2581,-49.3733,3.88024
61.572,-50.1854,3.8874
60.8873,-50.8192,3.90193
60.3325,-51.421,3.90504
59.659,-51.9641,3.91503
58.7903,-53.0714,3.91749
57.9125,-53.2544,3.91705
57.4249,-54.108,3.92553
56.6732,-54.8298,3.92721
55.9495,-55.603,3.92577
55.2817,-56.1668,3.93283
54.6716,-57.0802,3.93335
53.8121,-57.6713,3.92958
53.0744,-58.3814,3.93168
52.6837,-59.1374,3.94295
52.0497,-59.8444,3.94136
51.493,-60.6093,3.94556
50.4641,-61.3821,3.93912
49.9519,-61.6784,3.94808
49.195,-62.5832,3.94557
48.5262,-63.127,3.95216
47.8602,-63.9065,3.9424
47.222,-64.4616,3.94715
46.512,-65.0522,3.944
45.8165,-66.0365,3.94569
45.1713,-66.5254,3.93964
44.7433,-67.2312,3.94379
43.786,-67.686,3.941
43.1518,-68.5932,3.94281
42.5334,-69.128,3.94687
41.9727,-70.0067,3.9427
41.2767,-70.3873,3.93806
40.7979,-71.1938,3.93838
39.9088,-71.768,3.93939
39.3011,-72.1418,3.9299
38.7852,-73.1219,3.93261
38.4523,-73.7465,3.93157
37.5559,-74.4353,3.93017
37.1369,-74.7241,3.93637
36.2777,-75.5242,3.9221
35.6631,-76.1277,3.92045
34.9278,-76.8213,3.9226
34.6049,-77.4208,3.91723
33.7271,-78.0796,3.90887
33.0903,-78.6736,3.91096
32.3579,-79.3782,3.90555
32.019,-79.9151,3.90312
31.3971,-80.5062,3.90438
30.6687,-81.1254,3.8974
30.0855,-81.552,3.89079
29.4957,-81.9918,3.89009
28.5419,-82.6853,3.8782
28.3701,-83.3318,3.87236
27.7174,-83.867,3.86962
27.2179,-83.9873,3.85714
26.4495,-84.8778,3.84478
25.8732,-85.3524,3.84176
25.5568,-85.8515,3.83068
24.7442,-86.4032,3.8143
23.7488,-86.739,3.80774
23.3527,-87.2992,3.78429
22.9551,-87.6643,3.78251
22.2227,-88.2264,3.76618
21.488,-88.702,3.7491
20.7925,-88.7007,3.73602
20.4638,-89.3625,3.7188
19.6077,-89.6715,3.71063
18.9574,-90.268,3.69143
18.5016,-90.5105,3.67969
17.7925,-90.5951,3.65375
16.8443,-91.1444,3.63882
16.0967,-91.5188,3.62479
15.8103,-91.7914,3.61637
15.3506,-91.875,3.60417
14.8325,-92.4849,3.58561
13.7716,-92.5154,3.55296
13.2307,-92.9331,3.54458
12.4913,-92.8376,3.54166
11.9093,-93.5033,3.53052
11.1443,-93.2515,3.51143
10.8748,-93.4674,3.50148
10.217,-93.9242,3.47907
10.0403,-93.8517,3.47279
9.26039,-94.7167,3.45002
8.61893,-94.698,3.43197
8.13907,-94.9376,3.41632
7.0999,-94.9283,3.39886
6.86221,-94.6636,3.3772
5.94436,-95.1226,3.36673
5.51717,-95.3796,3.34475
4.96917,-95.4326,3.31663
4.08786,-95.5871,3.29264
3.8964,-95.5262,3.28529
2.91869,-95.4322,3.26167
2.1909,-95.9194,3.23007
1.87041,-95.8921,3.22675
1.61099,-95.8832,3.20882
1.05704,-95.737,3.19485
0.253505,-95.6247,3.1737
-0.24347,-95.5821,3.16785
-0.893085,-95.7942,3.15126
-1.51077,-95.805,3.12952
-1.8482,-95.6494,3.11455
-2.6754,-95.7718,3.09402
-3.24216,-95.395,3.07923
-4.00022,-95.482,3.07419
-4.10887,-95.291,3.06678
-5.14411,-95.4741,3.05291
-6.05607,-95.1852,3.02462
-6.39633,-95.537,3.00989
-7.04977,-94.9811,3.00654
-7.53573,-95.0843,2.98773
-7.92492,-94.638,2.98687
-8.60253,-94.8214,2.96928
-9.21038,-94.6778,2.95694
-9.91324,-94.4611,2.93471
-10.3104,-94.4245,2.93278
-11.5203,-94.2203,2.91314
-11.8621,-94.0539,2.89721
-12.5199,-94.1272,2.88179
-13.2045,-93.8485,2.86658
-13.5828,-93.5429,2.8568
-14.3656,-93.2527,2.83071
-15.3091,-93.1066,2.81674
-15.9485,-92.8349,2.80044
-16.2755,-92.6688,2.7854
-17.0498,-92.422,2.76958
-17.6531,-92.1397,2.75115
-18.4875,-91.7972,2.73246
-18.9306,-91.5858,2.7174
-19.6226,-90.9716,2.69928
-20.2835,-90.803,2.68734
-20.7922,-90.5539,2.67084
-21.6064,-90.3671,2.65265
-22.2023,-89.9582,2.63104
-22.596,-89.3814,2.62134
-23.0191,-88.9424,2.60259
-23.8956,-88.8836,2.58939
-24.6217,-88.2349,2.56508
-25.2579,-87.635,2.54112
-25.7461,-87.5942,2.53638
-26.03,-87.0031,2.51573
-26.9569,-86.7166,2.49861
-27.363,-86.0333,2.46761
-27.7954,-85.4733,2.46037
-28.4572,-84.9051,2.43335
-29.1835,-84.3568,2.40963
-29.409,-84.1129,2.39294
-30.0214,-83.3389,2.36419
-30.5186,-82.8194,2.33809
-30.93,-82.0319,2.31147
-31.4172,-81.8037,2.2973
-31.9414,-81.5494,2.2767
-32.4379,-80.881,2.24704
-32.8503,-80.3465,2.23723
-33.176,-79.5431,2.20841
-33.788,-78.9083,2.18626
-34.1564,-78.2558,2.15556
-34.4476,-77.3453,2.13901
-34.8916,-76.9213,2.10993
-35.1915,-76.5783,2.09453
-35.4208,-75.7598,2.07363
-35.986,-74.8923,2.04949
-36.2803,-74.3364,2.02783
-36.4134,-73.78,2.01592
-36.9432,-72.7579,1.98229
-37.3511,-72.2339,1.96798
-37.3549,-71.3357,1.94469
-37.9335,-70.693,1.93449
-38.1775,-69.9896,1.91993
-38.1271,-69.2211,1.89372
-38.6311,-68.2102,1.87087
-38.716,-67.7712,1.85631
-38.7873,-67.0111,1.84931
-38.9711,-66.0586,1.82687
-39.2675,-65.3611,1.81312
-39.3256,-64.7017,1.79715
-39.4732,-64.0007,1.7838
-39.6875,-63.0702,1.75859
-39.7404,-62.2015,1.75196
-39.8067,-61.4515,1.73353
-39.9398,-60.7723,1.71951
-40.1511,-60.0254,1.71354
-40.4963,-58.9556,1.69581
-40.316,-58.5059,1.68795
-40.4107,-57.5814,1.66045
-40.2176,-56.7628,1.64969
-40.3768,-55.5018,1.64673
-40.281,-55.056,1.62937
-40.2578,-54.0835,1.62314
-40.2115,-53.3679,1.61192
-40.2492,-52.8553,1.60624
-40.446,-51.6655,1.58648
-40.5697,-50.8834,1.57528
-40.727,-50.0042,1.56836
-40.6093,-49.0967,1.55705
-40.6998,-48.4664,1.54655
-40.3826,-47.6344,1.52575
-40.5565,-46.8405,1.53088
-40.5486,-45.8442,1.50981
-40.1296,-45.0471,1.5033
-40.0864,-44.4557,1.49489
-39.9487,-43.5841,1.47679
-40.1718,-42.8117,1.47075
-40.0816,-41.9576,1.45283
-39.8449,-41.3329,1.44442
-39.7285,-40.5437,1.43705
-39.4417,-39.5004,1.41255
-39.3364,-38.7089,1.40876
-39.2838,-37.9867,1.39678
-39.061,-37.4075,1.38209
-38.833,-36.5316,1.3677
-38.6486,-35.8487,1.35192
-38.4707,-34.8439,1.33285
-38.1603,-34.0919,1.31832
-37.9322,-33.3943,1.30738
-38.1663,-32.5381,1.29295
-37.582,-31.9326,1.27687
-37.4477,-30.9884,1.26903
-37.3636,-29.9592,1.25517
-36.7512,-29.3658,1.23867
-36.6757,-28.705,1.22821
-36.4015,-28.1063,1.22238
-35.9953,-27.2658,1.20054
-35.7431,-26.8235,1.19441
-35.3545,-25.6652,1.17254
-35.2993,-25.4504,1.16882
-34.5543,-24.3326,1.14261
-34.6308,-23.6258,1.13306
-33.8991,-22.8638,1.119
-33.4907,-22.206,1.09851
-33.273,-21.4583,1.08863
-33.0845,-20.8408,1.07595
-32.6342,-19.8877,1.06438
-32.1042,-19.3714,1.04995
-31.8577,-18.7993,1.03879
-31.1445,-18.093,1.02106
-30.7633,-17.3526,0.999681
-30.254,-16.5763,0.989398
-29.7972,-16.1119,0.968543
-29.2976,-15.6403,0.962194
-28.78,-14.6103,0.930017
-28.4226,-14.0764,0.924153
-27.6321,-13.3512,0.90828
-27.1443,-12.9673,0.894884
-26.7832,-12.2716,0.880701
-26.0773,-11.553,0.857352
-25.456,-11.151,0.839628
-25.0081,-10.5164,0.823196
-24.346,-9.74197,0.801668
-23.8802,-9.26055,0.778013
-23.279,-8.73169,0.770945
-22.7568,-7.88923,0.746298
-22.1288,-7.48868,0.736512
-21.3953,-7.3982,0.719886
-20.8622,-6.47899,0.696464
-20.1251,-6.03996,0.677576
-19.4553,-5.56263,0.670678
-18.6269,-5.07623,0.647382
-18.1846,-4.5478,0.62334
-17.2493,-4.0439,0.613163
-16.7211,-3.38813,0.590302
-15.8495,-3.10039,0.578598
-14.9089,-2.38886,0.556924
-14.2397,-2.00226,0.535808
-13.4715,-1.99646,0.520677
-12.6832,-1.0682,0.504944
-11.9003,-0.785821,0.485875
-11.1295,-0.47831,0.474532
-10.4295,-0.213502,0.462524
-9.78222,0.240678,0.451161
-8.54245,0.717573,0.424955
-7.69335,1.08084,0.405503
-6.89617,1.13643,0.39931
-6.08621,1.47669,0.383172
-5.0722,1.95195,0.36032
-4.33543,2.14916,0.352129
-3.57855,2.42688,0.338077
-2.52818,2.88514,0.337484
-1.80194,3.10408,0.323012
-0.856156,3.51437,0.311122
0.0552663,3.81473,0.303081
0.899241,4.09257,0.293669
2.10931,4.37949,0.288612
2.71957,4.62486,0.291245
3.64682,4.79163,0.284147
4.52413,5.05488,0.285375
5.71667,5.55011,0.283237
6.53559,5.65471,0.270972
7.50104,5.97575,0.26783
8.20405,6.10989,0.273221
9.59542,6.40409,0.255268
10.2647,6.45151,0.254897
11.6126,6.8079,0.239354
12.4298,6.90213,0.231865
13.3604,6.88872,0.23531
14.129,7.46469,0.223012
15.5298,7.65348,0.218055
16.3934,7.88604,0.212047
17.1012,8.09231,0.208655
18.4062,8.31449,0.199857
19.3058,8.47932,0.190325
20.2934,8.78921,0.189363
21.3406,8.97941,0.180031
22.3746,9.03052,0.171061
23.6167,9.1338,0.16801
24.4578,9.37309,0.160651
25.5127,9.54777,0.161244
26.4507,9.68099,0.156762
27.5289,9.86889,0.161119
28.755,9.76164,0.150466
29.9933,10.1626,0.138901
30.6621,10.3514,0.153354
31.7435,10.5311,0.152293
32.9967,10.6045,0.144081
34.0792,10.7132,0.154772
35.2106,11.0328,0.148716
36.3615,11.3388,0.141567
37.282,11.373,0.148044
38.3777,11.8792,0.145894
39.2347,11.8578,0.148496
40.481,11.6952,0.147246
41.7783,12.0118,0.14227
42.8337,12.1165,0.151057
43.8454,12.3563,0.144045
44.9526,12.7503,0.149587
46.0392,12.4768,0.150566
47.1354,12.6373,0.148563
48.2892,13.0355,0.154073
49.1776,12.9378,0.14723
50.2866,13.5643,0.149483
51.6306,13.6121,0.145402
52.2431,13.5435,0.153463
53.5218,13.9024,0.146362
54.4467,13.7775,0.147325
55.5013,14.279,0.150676
56.7655,14.1745,0.150923
57.6789,14.5554,0.143009
58.6799,14.4225,0.137019
59.727,14.7498,0.144785
60.7484,14.7081,0.140533
61.9957,14.794,0.139978
63.0292,15.2824,0.141386
63.9437,14.8279,0.139464
64.9917,15.618,0.137442
65.8958,15.6298,0.132387
67.1449,15.8242,0.12736
68.1412,15.6167,0.135931
69.3118,15.7397,0.130609
70.2591,16.3178,0.11966
70.9408,16.1847,0.133685
72.1789,16.4247,0.116961
73.2575,16.5817,0.12731
74.5555,16.524,0.11692
75.455,16.543,0.114801
76.4053,16.65,0.119761
77.3953,17.0535,0.10634
78.6263,16.7753,0.107848
79.4165,17.4454,0.113118
80.7299,17.247,0.109927
81.4811,17.7287,0.103915
82.6732,17.4119,0.0975891
83.4007,17.5221,0.0938408
84.588,17.9748,0.0915886
85.7264,17.7202,0.0943212
86.8928,17.9283,0.0827934
87.843,17.8872,0.0887862
88.8294,17.7922,0.0825014
89.741,17.8392,0.0780396
90.8067,17.9564,0.0859556
91.9056,18.2958,0.0851629
92.9399,17.9461,0.0833118
93.8826,18.3011,0.0769208
94.6452,17.981,0.0699379
95.7396,18.6462,0.0705933
97.0862,18.4627,0.0709093
97.9468,18.5952,0.0743665
98.9039,18.3922,0.0671177
100.03,18.7345,0.0625995
101.276,18.7916,0.0652173
102.028,18.7261,0.0660008
103.005,18.8279,0.060871
104.228,18.9839,0.0604077
104.949,19.2736,0.0599971
106.153,19.0903,0.0667231
107.101,19.4433,0.0608845
108.093,18.9207,0.0634681
109.044,19.5453,0.0636956
110.065,19.174,0.0644845
111.236,19.2393,0.0526209
112.268,19.7896,0.0540478
113.24,19.6861,0.0578192
114.214,19.4392,0.0595043
115.229,19.7719,0.065049
115.971,19.6626,0.0617379
117.312,19.9094,0.0467859
117.95,19.7824,0.0602625
119.425,20.0817,0.0663049
120.111,20.124,0.0647675
121.287,20.1304,0.0564068
122.302,19.8285,0.0615401
123.285,20.0963,0.0613228
124.043,20.2472,0.055593
125.301,20.3145,0.0627558
126.27,20.3366,0.0537335
127.418,20.6366,0.0629677
128.432,20.3288,0.0607101
129.634,20.4802,0.0538104
130.682,20.5326,0.0510578
131.651,20.6395,0.0570966
132.698,20.5768,0.0533589
133.661,20.688,0.0587953
134.719,20.6855,0.0602233
135.519,20.995,0.0661321
136.91,20.899,0.0614484
137.755,20.8707,0.0623652
138.605,21.2939,0.0616697
139.636,21.0831,0.05805
141.052,21.0838,0.0637452
141.968,21.0681,0.0637952
142.923,21.337,0.0642176
144.274,21.3103,0.0584141
145.041,21.348,0.0667099
146.168,21.3604,0.0673409
147.109,21.7867,0.0704666
148.07,21.9576,0.0732906
149.427,21.4189,0.0718786
150.334,21.9977,0.0703025
151.392,21.8651,0.0736573
152.487,22.0637,0.0786095
153.421,22.1108,0.0786676
154.362,22.2567,0.0830413
155.62,22.0914,0.0847409
156.573,22.4894,0.0836657
157.696,22.5419,0.0786215
158.584,22.5513,0.0749887
159.596,22.3341,0.0849462
160.659,22.8803,0.087063
162.024,22.4696,0.07839
163.136,22.938,0.075672
164.152,22.9526,0.0814926
164.887,23.0514,0.0762705
166.165,23.0433,0.0827803
167.437,23.3223,0.0773341
168.3,23.2302,0.0795176
169.145,23.4914,0.0816705
170.384,23.6671,0.0742908
171.175,23.5827,0.083512
172.453,23.7684,0.071241
173.383,23.742,0.0806621
174.411,23.6784,0.0804192
175.769,23.845,0.06645
177.053,24.034,0.0762369
177.795,23.793,0.0835853
178.941,24.1082,0.0670492
180.151,24.0408,0.067241
181.18,24.3947,0.080005
182.194,24.196,0.0749341
183.151,24.2397,0.0730023
184.033,24.2263,0.073999
185.13,24.4621,0.0833215
186.414,24.5239,0.0718751
187.509,24.5982,0.0688425
188.658,24.7704,0.0755878
189.769,25.0423,0.0686344
190.715,24.8181,0.0670308
191.723,25.0324,0.0677058
192.86,25.0298,0.0600905
193.814,25.4688,0.0677465
195.149,25.017,0.0710963
196.21,25.4975,0.0676032
197.178,25.4818,0.0709364
197.989,25.4074,0.072395
199.267,25.7236,0.0735837
200.16,25.7123,0.0759804
201.749,25.8908,0.0699935
202.567,25.6008,0.0780141
203.657,25.9118,0.0716084
204.577,25.8675,0.0732624
205.954,25.9591,0.0711848
206.835,26.1188,0.0747883
208.198,26.2541,0.0746147
209.025,26.3682,0.0728068
210.157,26.2182,0.0802064
211.294,26.2874,0.0735975
212.39,26.453,0.0728831
213.423,26.7364,0.0733358
214.472,26.7823,0.0735706
215.513,26.8054,0.0721792
216.746,27.1175,0.0721328
217.588,26.7788,0.0719381
218.616,27.0718,0.069787
219.673,27.1286,0.0691582
220.537,27.2594,0.072537
221.836,27.1543,0.0703186
222.882,27.213,0.0671564
223.637,27.4197,0.074739
224.649,27.5142,0.0671214
225.82,27.1908,0.0750197
226.978,27.5542,0.0724051
227.895,27.6683,0.0743835
228.872,27.8278,0.0685322
229.947,27.8266,0.0708097
230.804,27.6698,0.0741531
231.865,28.1078,0.0698744
232.672,28.086,0.0713811
233.775,28.0369,0.0781552
234.95,28.1964,0.0692796
235.694,28.0579,0.0705479
236.441,28.3683,0.0770536
237.556,28.3426,0.0773074
238.785,28.3018,0.0747127
239.535,28.2876,0.0751222
240.631,28.5929,0.0754258
241.351,28.5696,0.0760226
242.162,28.873,0.0733572
243.136,28.7923,0.0675209
243.883,28.7397,0.0703524
245.04,28.972,0.0680417
245.594,28.8674,0.0669886
246.381,28.956,0.0666166
247.352,29.2449,0.0667202
247.93,29.0884,0.0707851
248.594,29.2193,0.0638951
249.647,29.2277,0.0541736
250.128,29.1261,0.0632662
250.825,29.2791,0.0487232
251.435,29.2016,0.0433884
252.201,29.1276,0.0412331
252.728,29.4466,0.0342596
253.705,29.5884,0.015178
253.985,29.2722,0.0133964
254.029,29.2741,0.00672509
254.428,29.2195,6.27631
254.885,29.2952,6.26572
255.597,29.3227,6.25469
256.139,29.245,6.23507
256.453,29.0467,6.21569
257.147,29.1745,6.19618
257.256,28.9668,6.19798
257.65,28.9712,6.17922
258.251,29.0127,6.15639
258.671,28.9004,6.14705
259.018,28.789,6.12857
259.445,28.8225,6.10064
259.905,28.9488,6.0839
259.978,28.5817,6.08527
260.437,28.4055,6.07119
260.65,28.4154,6.06054
261.172,28.3992,6.04153
261.494,28.2903,6.01663
262.049,28.3416,5.99438
262.182,27.8612,5.98436
262.586,27.6295,5.96771
263.025,27.8714,5.94392
263.149,27.6902,5.93071
263.661,27.6944,5.8967
263.923,27.3582,5.88045
263.997,27.2188,5.86112
264.534,27.0418,5.85612
264.619,26.9027,5.84715
264.998,26.7605,5.81833
265.293,26.7666,5.81103
265.688,26.4452,5.78775
265.99,26.4239,5.79861
266.162,26.2909,5.77851
266.624,25.8474,5.76111
266.705,25.5931,5.7597
266.998,25.6896,5.74601
267.544,25.589,5.73627
267.687,25.248,5.72791
267.882,25.0178,5.71931
268.378,24.9296,5.69567
268.712,24.5977,5.69404
268.936,24.4072,5.68021
269.509,24.066,5.65784
269.613,23.8491,5.64764
270.034,23.5102,5.63625
270.657,23.3963,5.62109
270.759,23.3169,5.60972
270.945,22.8636,5.60636
271.333,22.7243,5.58134
271.69,22.1286,5.55575
271.867,21.9065,5.5474
272.56,21.2062,5.51822
272.718,21.1084,5.49843
273.087,20.8872,5.48305
273.482,20.3072,5.45714
273.64,19.9423,5.43872
274.081,19.5103,5.40608
274.241,19.0502,5.38
274.632,18.8211,5.35454
275.127,18.2041,5.32194
275.199,17.9467,5.31263
275.463,17.434,5.27905
275.824,16.9097,5.25542
276.146,16.449,5.21625
276.135,15.6386,5.18607
276.35,15.3307,5.16006
276.9,14.8271,5.14591
277.038,14.5259,5.1102
277.137,13.9542,5.07466
277.145,13.3178,5.04449
277.53,12.6493,5.01859
277.764,11.9651,4.98562
277.757,11.4557,4.96306
277.65,10.7991,4.92661
278.251,10.3628,4.90742
278.135,9.70845,4.88429
277.969,9.13985,4.85471
278.298,8.59165,4.83828
278.406,7.95504,4.8171
278.415,7.17208,4.78332
278.471,6.57865,4.76364
278.127,6.03682,4.72278
278.175,5.37072,4.70771
278.323,4.79763,4.67512
278.302,4.28534,4.65742
278.143,3.54036,4.62574
277.788,2.66957,4.57941
277.92,2.23189,4.56335
277.826,1.60359,4.53794
277.448,1.00698,4.50079
277.317,0.255634,4.47947
277.392,-0.405375,4.46136
276.87,-1.02721,4.42174
276.878,-1.73718,4.40871
276.521,-2.46886,4.36827
276.272,-2.99063,4.34722
276.183,-3.68922,4.32327
275.482,-4.12802,4.28521
275.431,-4.54434,4.26183
275.214,-5.29252,4.23995
274.559,-5.76771,4.20208
274.153,-6.65849,4.1693
274.015,-7.01223,4.15547
273.487,-7.63939,4.11651
273.316,-8.52,4.08557
272.748,-8.59074,4.05393
272.409,-9.52674,4.04271
271.478,-9.99638,4.0217
271.172,-10.5396,3.99177
270.764,-10.8707,3.97642
270.191,-11.6951,3.93822
269.655,-12.0063,3.92345
269.12,-12.7307,3.88811
268.836,-13.0485,3.86726
268.117,-13.4725,3.84496
267.373,-13.8538,3.80592
266.697,-14.4548,3.78507
266.137,-14.7482,3.75447
265.303,-15.0795,3.72542
264.692,-15.4881,3.69414
264.504,-16.0801,3.68368
263.434,-16.1893,3.64328
262.744,-16.3865,3.60111
262.083,-16.5836,3.57429
261.614,-16.9281,3.55059
260.729,-17.4747,3.515
260.035,-17.745,3.47954
258.83,-17.7486,3.43555
258.335,-17.8744,3.41365
257.602,-18.0544,3.38248
256.662,-18.3181,3.35232
256.136,-18.3613,3.32348
255.242,-18.6841,3.29286
254.585,-18.368,3.25696
253.586,-18.5349,3.22294
252.927,-18.6529,3.19584
251.956,-18.5882,3.16879
251.319,-18.702,3.1448
250.507,-18.3914,3.11156
250.057,-18.5386,3.08467
248.953,-18.2863,3.05125
248.618,-18.3027,3.02633
247.553,-17.9472,3.00087
246.714,-18.1307,2.98321
245.809,-17.9334,2.97093
245.18,-17.6982,2.9464
244.279,-17.1978,2.92625
243.635,-17.3431,2.92044
242.492,-17.1811,2.91063
241.83,-16.9286,2.90084
241.183,-16.4891,2.89723
240.141,-16.6467,2.89773
239.485,-16.2033,2.89638
238.608,-16.0244,2.8868
237.66,-15.8428,2.88337
236.634,-15.7131,2.88444
235.95,-15.1377,2.88533
235.048,-14.9141,2.88636
233.932,-14.7774,2.88769
233.194,-14.8039,2.88321
232.505,-14.4222,2.89469
231.649,-14.6396,2.8964
230.791,-14.0772,2.89719
230.015,-13.847,2.90385
228.998,-13.6902,2.90071
228.073,-13.2503,2.90455
227.228,-13.1149,2.90531
226.505,-13.0435,2.91444
225.438,-12.7149,2.90956
224.419,-12.5389,2.91108
223.773,-12.4274,2.92113
222.572,-12.1328,2.91898
221.67,-12.0074,2.93259
220.664,-11.5462,2.93196
219.802,-11.6232,2.94178
218.816,-11.3681,2.95245
218.091,-11.1357,2.96351
216.916,-10.9611,2.96135
216.018,-10.8277,2.97376
214.944,-10.7061,2.98164
214.199,-10.6482,2.98687
213.364,-10.7093,3.00707
212.094,-10.2689,3.00976
211.136,-10.1463,3.01499
210.294,-10.0904,3.03415
208.958,-9.57301,3.0325
208.16,-9.85894,3.04083
207.176,-9.74764,3.04985
206.349,-9.64489,3.06335
205.448,-9.73024,3.08225
204.041,-9.76485,3.07832
203.294,-9.50212,3.08172
202.2,-9.4475,3.09254
201.151,-9.70616,3.10123
200.105,-9.73444,3.09767
198.96,-9.6752,3.10692
198.118,-9.40754,3.11522
197.047,-9.38175,3.118
196.136,-9.43839,3.13443
195.078,-9.28321,3.13759
194.204,-9.3885,3.14569
192.838,-9.23025,3.13945
191.917,-9.39035,3.1467
191.059,-9.32734,3.1571
189.815,-9.56452,3.15838
189.175,-9.81125,3.16497
187.872,-9.512,3.16819
187.045,-9.30446,3.17325
186.128,-9.55374,3.17541
185.23,-9.69293,3.18459
183.975,-9.7314,3.18479
182.851,-9.53387,3.18401
182.013,-9.76428,3.18246
181.033,-9.54092,3.19337
180.505,-9.98817,3.19874
179.498,-9.82105,3.2026
178.27,-9.95445,3.20382
177.433,-10.082,3.21011
176.39,-10.0689,3.20734
175.349,-10.2737,3.21788
174.454,-10.3729,3.21437
173.264,-10.3683,3.20905
172.725,-10.2685,3.2185
171.526,-10.3217,3.22525
170.789,-10.4175,3.23639
169.81,-10.7916,3.2356
168.889,-10.8715,3.24073
167.999,-10.7116,3.24244
167.197,-10.7137,3.24542
166.25,-11.1156,3.25222
165.182,-11.2464,3.25615
164.414,-11.3386,3.26048
163.588,-11.5319,3.27302
162.207,-11.4145,3.26517
161.785,-11.3811,3.27455
160.704,-11.68,3.28403
160.239,-11.8042,3.29694
158.862,-12.2997,3.29548
157.887,-12.1902,3.28966
157.21,-12.3481,3.30364
156.23,-12.4998,3.3024
155.217,-12.6834,3.30465
154.599,-12.717,3.30916
153.672,-12.9672,3.31303
152.746,-13.1321,3.31867
151.706,-13.0333,3.32194
150.858,-13.1975,3.32384
149.879,-13.5444,3.33246
149.031,-13.6936,3.33768
148.128,-14.0677,3.33522
147.312,-14.2063,3.34104
146.43,-14.2863,3.34622
145.616,-14.4335,3.35029
144.567,-14.5616,3.36022
143.856,-14.8874,3.36948
143.07,-15.1,3.3626
142.073,-15.1928,3.36887
140.998,-15.2911,3.36386
140.102,-15.5704,3.37176
139.341,-15.8441,3.37632
138.371,-15.9765,3.37378
137.596,-16.5593,3.38703
136.797,-16.5962,3.38199
135.9,-16.8433,3.38587
135.006,-16.597,3.39247
134.006,-17.4248,3.3958
133.281,-17.3461,3.39986
132.436,-17.5792,3.39926
131.341,-17.6182,3.39483
130.707,-17.8772,3.4023
129.785,-18.2547,3.40152
128.981,-18.645,3.40333
128.126,-18.7182,3.40604
127.36,-19.0317,3.40279
126.422,-19.2345,3.40547
125.526,-19.7467,3.40228
124.77,-19.7015,3.41289
123.918,-19.8647,3.41129
123.108,-20.1977,3.41083
122.222,-20.5755,3.40971
121.404,-20.7114,3.40469
120.302,-20.7456,3.3996
119.899,-21.1759,3.41277
118.967,-21.4396,3.41225
118.239,-21.8432,3.41647
117.172,-21.707,3.41269
116.656,-21.8281,3.42284
115.524,-22.4508,3.41903
114.985,-22.571,3.42113
114.018,-22.3993,3.4073
113.484,-22.8158,3.4287
112.614,-23.3698,3.42598
111.586,-23.4837,3.42308
110.742,-23.8388,3.42413
110.218,-23.7105,3.42875
109.024,-24.0038,3.42353
108.763,-24.0969,3.43188
107.642,-24.5852,3.43258
106.885,-24.8222,3.43085
106.254,-25.0703,3.43007
105.491,-25.3737,3.42908
104.657,-25.7301,3.42923
104.114,-25.702,3.42976
102.881,-25.9392,3.43107
102.603,-26.0181,3.43718
101.649,-26.1368,3.43576
101.004,-26.4906,3.44634
100.424,-27.0039,3.44196
99.486,-27.0684,3.45327
98.9812,-26.9039,3.45181
97.8878,-27.9084,3.44593
97.169,-27.7953,3.4498
96.7372,-28.0167,3.45382
95.67,-28.3427,3.4557
95.1233,-28.39,3.46565
94.6324,-28.6691,3.47751
93.6055,-29.216,3.46721
93.1415,-29.1736,3.47898
92.052,-29.3086,3.49189
91.7143,-29.6049,3.49804
90.9516,-30.1548,3.49842
90.2593,-30.0292,3.51227
89.4212,-30.3,3.52304
88.9062,-30.8391,3.52841
87.954,-31.2093,3.53627
87.4451,-31.3973,3.5452
86.6908,-31.8953,3.555
86.0179,-32.0758,3.56572
85.1515,-32.4485,3.58107
84.7027,-32.8066,3.59888
84.0406,-33.1261,3.60222
83.3327,-33.2382,3.61458
82.7649,-33.6867,3.63602
81.9534,-34.4677,3.63075
81.3194,-34.694,3.64605
80.8297,-34.6634,3.66684
80.1269,-35.3278,3.6731
79.2922,-35.804,3.68591
78.6647,-35.8517,3.69531
78.2983,-36.5713,3.70221
77.5033,-36.915,3.71499
76.7558,-37.4347,3.71938
76.0896,-37.6314,3.73762
75.766,-38.0841,3.7486
75.1684,-38.5223,3.75628
74.4961,-39.2468,3.76143
73.7603,-39.4154,3.77309
73.2269,-40.135,3.78338
72.583,-40.3859,3.78855
71.7089,-40.9013,3.793
71.224,-41.4306,3.798
70.7967,-41.81,3.79607
70.1967,-42.5186,3.79982
69.4169,-42.7151,3.81067
68.9275,-42.9918,3.81651
68.2665,-43.7637,3.81731
67.7413,-44.3951,3.81687
67.1515,-44.3892,3.82225
66.4585,-45.1162,3.8288
65.912,-45.6959,3.82932
65.2014,-46.3801,3.83737
64.8898,-46.8689,3.83556
63.8988,-47.2315,3.8459
63.3128,-47.6232,3.85342
62.8814,-48.382,3.85251
62.2312,-48.8313,3.87571
61.7337,-49.2708,3.8598
60.9099,-49.8853,3.87237
60.3218,-50.6766,3.87314
59.8487,-51.0399,3.88036
59.1324,-51.2583,3.89087
58.6427,-52.0787,3.88082
58.0086,-52.8419,3.88644
57.6357,-53.4323,3.89571
56.8245,-54.063,3.88608
56.3624,-54.3733,3.90921
55.7052,-54.8578,3.8968
54.9832,-55.3285,3.90471
54.3224,-56.1007,3.90994
53.841,-56.5829,3.90926
52.95,-57.3093,3.91422
52.7471,-57.9045,3.91549
51.877,-58.502,3.91557
51.4559,-59.0074,3.91819
50.7605,-59.61,3.9177
50.234,-60.0557,3.92305
49.6468,-60.7713,3.92892
49.0006,-61.6486,3.92376
48.3705,-61.9619,3.92669
47.8026,-62.5558,3.9261
47.1542,-63.2059,3.92735
46.589,-63.7414,3.93374
46.2402,-64.3574,3.92513
45.4953,-64.8828,3.93053
44.9875,-65.6009,3.93682
44.1548,-66.1311,3.93312
43.6758,-66.8418,3.9281
43.074,-67.358,3.93219
42.6175,-67.8898,3.93087
42.0847,-68.3017,3.93785
41.7141,-68.9902,3.93538
41.0631,-69.7156,3.93922
40.2764,-69.9521,3.93469
39.6044,-70.5547,3.93452
39.2804,-71.1585,3.94101
38.7525,-71.7259,3.9364
38.2133,-72.2698,3.93309
37.7867,-72.8927,3.93601
37.173,-73.4959,3.93151
36.6393,-74.0305,3.93142
36.1853,-74.5462,3.93373
35.5303,-75.1283,3.92958
34.8453,-75.5232,3.9224
34.4937,-75.8959,3.91745
34.01,-76.5999,3.9141
33.344,-77.3973,3.91246
32.7194,-77.6563,3.89977
32.1292,-78.4814,3.89744
31.9546,-78.6582,3.90131
31.0634,-79.3109,3.89068
30.5307,-79.6969,3.88847
30.2082,-80.2691,3.88568
29.4526,-80.9561,3.87032
28.8429,-81.2377,3.86605
28.4095,-81.8582,3.86323
27.8576,-82.3625,3.85321
27.3037,-82.7288,3.85015
26.6579,-83.3576,3.84476
25.7604,-83.6732,3.82879
25.3757,-84.1671,3.81939
24.7184,-84.5908,3.80525
24.2643,-84.9723,3.80252
23.3153,-85.6083,3.78816
23.1873,-85.9154,3.7829
22.2499,-86.5566,3.76447
21.807,-86.8963,3.7606
20.9441,-87.2068,3.74118
20.4953,-87.8011,3.73236
19.8976,-87.9598,3.7208
19.2023,-88.5537,3.69905
18.5461,-88.8865,3.68883
17.598,-89.0826,3.66642
16.9262,-89.6639,3.6513
16.5705,-90.0223,3.65122
16.1118,-90.2866,3.6337
15.2713,-90.7623,3.61347
14.6337,-91.1328,3.61179
14.1383,-91.3369,3.59202
13.5686,-91.4801,3.57321
12.3715,-91.8639,3.55489
12.3724,-91.9642,3.54689
11.4467,-92.2994,3.52748
10.9113,-92.2383,3.51386
10.0342,-92.994,3.49916
9.36069,-93.2926,3.47245
8.74228,-93.2425,3.46185
8.33056,-93.599,3.43716
7.65345,-93.3199,3.42588
6.73503,-93.7683,3.40241
6.30863,-93.901,3.38448
5.662,-93.833,3.37435
5.06486,-93.8187,3.3557
4.56892,-94.1522,3.32755
3.77223,-94.3452,3.30164
3.17132,-94.4043,3.29224
2.59649,-94.5041,3.27783
1.97516,-94.5893,3.25611
1.34424,-94.7015,3.23273
0.324148,-94.3507,3.22253
0.06878,-94.3788,3.21131
-0.795475,-94.2344,3.18007
-1.48841,-94.4644,3.17558
-2.1736,-94.5011,3.15028
-2.4314,-94.7919,3.14414
-3.36711,-94.8087,3.11368
-4.16001,-94.2832,3.09333
-4.51523,-94.5763,3.09203
-5.07452,-94.1728,3.0715
-6.0367,-94.5081,3.06211
-6.84394,-94.2381,3.04331
-7.42784,-94.2147,3.02695
-7.77882,-94.1764,3.01163
-8.76226,-94.1115,2.99825
-9.3905,-93.8832,2.98767
-9.82994,-93.9246,2.97676
-10.5087,-93.8412,2.95512
-10.9378,-93.6908,2.9544
-11.6359,-93.1641,2.93563
-12.3895,-93.1503,2.91534
-13.1036,-92.936,2.91657
-13.7332,-92.685,2.89935
-14.3041,-92.7356,2.88332
-14.7786,-92.597,2.86535
-15.463,-92.1848,2.84977
-16.1811,-92.1618,2.83075
-16.9865,-91.9219,2.81843
-17.6256,-91.5587,2.80341
-18.2035,-91.483,2.78503
-18.6613,-91.0068,2.77151
-19.3672,-90.9747,2.75364
-19.9854,-90.7609,2.74769
-20.6751,-90.4087,2.71385
-21.4477,-90.0612,2.69833
-21.9864,-90.0381,2.68459
-22.2896,-89.3163,2.66163
-23.0282,-89.0415,2.65137
-23.5874,-88.6763,2.64178
-24.2635,-88.0749,2.61528
-24.82,-88.0234,2.6034
-25.4364,-87.7673,2.57897
-26.1599,-87.2836,2.55927
-26.5355,-86.9719,2.54248
-27.2457,-86.5719,2.51696
-27.7269,-86.0382,2.4966
-28.1458,-85.8468,2.47368
-28.6825,-85.3387,2.47282
-29.0426,-84.8159,2.4456
-29.6591,-84.2093,2.41748
-30.2522,-83.4772,2.38929
-30.4745,-83.2212,2.38953
-31.1778,-82.9559,2.36225
-31.4293,-82.147,2.34146
-32.1764,-81.6987,2.31918
-32.7857,-81.112,2.29486
-33.0301,-80.6503,2.28069
-33.3725,-80.4899,2.27007
-33.7741,-79.6539,2.2402
-34.5354,-78.9881,2.20774
-34.5344,-78.4875,2.20227
-34.9491,-77.4298,2.16529
-35.2323,-77.2378,2.1449
-35.833,-76.4708,2.12727
-36.4525,-75.8488,2.09994
-36.5897,-75.5184,2.08279
-36.8385,-74.9257,2.07503
-37.2026,-74.0562,2.04289
-37.2918,-73.4562,2.02805
-37.5646,-72.7647,1.99652
-38.0221,-72.018,1.98053
-38.2795,-71.56,1.96168
-38.5376,-71.0599,1.92428
-38.641,-70.0234,1.90989
-38.7474,-69.6515,1.89648
-39.0801,-68.8014,1.87737
-39.4072,-68.2153,1.8536
-39.5792,-67.3859,1.84029
-39.4707,-66.704,1.82851
-39.9813,-66.0194,1.81012
-39.7351,-65.0674,1.78762
-40.3588,-64.4596,1.77643
-40.2323,-63.6187,1.75742
-40.2571,-63.1292,1.75395
-40.2355,-62.1576,1.72724
-40.6468,-61.5327,1.7195
-40.8138,-60.8198,1.70677
-40.6544,-60.0607,1.69538
-40.8219,-59.0465,1.67432
-40.8996,-58.6556,1.66793
-40.9577,-57.8876,1.65778
-40.9986,-57.1346,1.64586
-41.0412,-56.3598,1.63765
-41.1681,-55.448,1.63389
-41.1244,-54.7876,1.62507
-41.1058,-53.635,1.61466
-41.3255,-52.9583,1.60827
-40.9987,-52.7026,1.6005
-41.2766,-51.5051,1.59565
-41.3296,-50.5996,1.58585
-41.3257,-50.0579,1.57809
-41.1144,-49.4165,1.57503
-41.04,-48.741,1.57264
-41.436,-47.6893,1.553
